0.00	0.349
0.17	1.052
0.35	0.3142
0.52	0.2563
0.69	0.2336
0.86	0.1746
1.03	0.06897
1.21	0.2611
1.38	0.7063
1.55	0.8456
1.72	0.1924
1.89	0.07416
2.06	0.1487
2.24	0.1793
2.41	0.2219
2.58	0.4221
2.75	0.937
2.92	0.3834
3.10	0.1785
3.27	0.07275
3.44	0.05573
3.61	0.1157
3.78	0.2605
3.95	0.7804
4.13	0.7169
4.30	0.2529
4.47	0.1096
4.64	0.08469
4.81	0.05687
4.99	0.19
5.16	0.4317
5.33	1
5.50	0.2699
5.67	0.2513
5.85	0.2114
6.02	0.1195
6.19	0.05203
6.36	0.2712
6.53	0.9199
6.70	0.638
6.88	0.3113
7.05	0.07248
7.22	0.04128
7.39	0.1519
7.56	0.2828
7.74	0.4129
7.91	1.022
8.08	0.2688
8.25	0.1594
8.42	0.1813
8.59	0.1824
8.77	0.1153
8.94	0.2311
9.11	0.9107
9.28	0.6396
9.45	0.1866
9.63	0.02282
9.80	0.07995
9.97	0.1048
10.14	0.2394
10.31	0.5414
10.48	0.8714
10.66	0.3164
10.83	0.1479
11.00	0.06487
11.17	0.08711
11.34	0.1501
11.52	0.3139
11.69	0.8634
11.86	0.5759
12.03	0.301
12.20	0.1704
12.38	0.08626
12.55	0.04383
12.72	0.2539
12.89	0.6663
13.06	0.8669
13.23	0.2281
13.41	0.1759
13.58	0.2206
13.75	0.1897
13.92	0.1043
14.09	0.2645
14.27	1.006
14.44	0.5225
14.61	0.321
14.78	0.2014
14.95	0.06469
15.12	0.09601
15.30	0.3132
15.47	0.5417
15.64	0.9437
15.81	0.1953
15.98	0.1866
16.16	0.1901
16.33	0.1747
16.50	0.1497
16.67	0.3368
16.84	0.9001
17.02	0.5191
17.19	0.22
17.36	0.05603
17.53	0.08189
17.70	0.1347
17.87	0.2426
18.05	0.6316
18.22	0.8285
18.39	0.2738
18.56	0.1463
18.73	0.1055
18.91	0.1047
19.08	0.1641
19.25	0.294
19.42	0.9845
19.59	0.427
19.76	0.3118
19.94	0.1797
20.11	0.03837
20.28	0.06875
20.45	0.2871
20.62	0.7374
20.80	0.8411
20.97	0.2932
21.14	0.03483
21.31	0.1374
21.48	0.1641
21.66	0.1998
21.83	0.2866
22.00	1.008
22.17	0.4357
22.34	0.2623
22.51	0.1878
22.69	0.1148
22.86	0.02958
23.03	0.2982
23.20	0.7525
23.37	0.7975
23.55	0.1788
23.72	0.06431
23.89	0.06452
24.06	0.1101
24.23	0.2098
24.40	0.399
24.58	0.9139
24.75	0.4045
24.92	0.1834
25.09	0.09027
25.26	0.117
25.44	0.1164
25.61	0.2375
25.78	0.7693
25.95	0.7474
26.12	0.3098
26.29	0.1236
26.47	0.05057
26.64	0.1171
26.81	0.2606
26.98	0.4785
27.15	0.9512
27.33	0.2663
27.50	0.2601
27.67	0.2048
27.84	0.09881
28.01	0.03758
28.19	0.3246
28.36	0.8457
28.53	0.7473
28.70	0.3376
28.87	0.09456
29.04	0.05258
29.22	0.1867
29.39	0.3124
29.56	0.3677
29.73	0.9616
29.90	0.3463
30.08	0.2546
30.25	0.1803
30.42	0.1078
30.59	0.1125
30.76	0.3358
30.93	0.8178
31.11	0.6826
31.28	0.2409
31.45	0.108
31.62	0.09618
31.79	0.08841
31.97	0.1863
32.14	0.4956
32.31	0.9156
32.48	0.3451
32.65	0.1804
32.83	0.1166
33.00	0.1083
33.17	0.1234
33.34	0.1844
33.51	0.8843
33.68	0.6243
33.86	0.3151
34.03	0.08255
34.20	0.06786
34.37	0.1626
34.54	0.2719
34.72	0.5413
34.89	0.9864
35.06	0.2677
35.23	0.138
35.40	0.1952
35.57	0.1598
35.75	0.1064
35.92	0.2573
36.09	0.8756
36.26	0.6467
36.43	0.2989
36.61	0.1184
36.78	0.03106
36.95	0.1117
37.12	0.317
37.29	0.5398
37.46	0.9133
37.64	0.2167
37.81	0.105
37.98	0.07625
38.15	0.1038
38.32	0.151
38.50	0.2725
38.67	0.8668
38.84	0.5402
39.01	0.2234
39.18	0.09513
39.36	0.08771
39.53	0.06582
39.70	0.2067
39.87	0.6394
40.04	0.8712
40.21	0.3148
40.39	0.13
40.56	0.1175
40.73	0.1545
40.90	0.21
41.07	0.2964
41.25	0.9524
41.42	0.4283
41.59	0.3193
41.76	0.1297
41.93	0.02149
42.10	0.1527
42.28	0.3474
42.45	0.6428
42.62	0.9463
42.79	0.2976
42.96	0.04256
43.14	0.1427
43.31	0.2084
43.48	0.2567
43.65	0.2717
43.82	0.9287
44.00	0.5533
44.17	0.2486
44.34	0.1155
44.51	0.08158
44.68	0.1406
44.85	0.3467
45.03	0.68
45.20	0.8286
45.37	0.2863
45.54	0.1394
45.71	0.07582
45.89	0.01711
46.06	0.1371
46.23	0.3693
46.40	0.9025
46.57	0.4636
46.74	0.2602
46.92	0.1342
47.09	0.09308
47.26	0.0658
47.43	0.1726
47.60	0.7493
47.78	0.809
47.95	0.2575
48.12	0.05393
48.29	0.171
48.46	0.1875
48.64	0.2296
48.81	0.3671
48.98	1.03
49.15	0.3156
49.32	0.2533
49.49	0.2095
49.67	0.1245
49.84	0.05833
50.01	0.2979
50.18	0.7089
50.35	0.841
50.53	0.2562
50.70	0.01355
50.87	0.09313
51.04	0.1759
51.21	0.2816
51.38	0.3617
51.56	0.9663
51.73	0.361
51.90	0.1503
52.07	0.05188
52.24	0.08762
52.42	0.07043
52.59	0.2288
52.76	0.7679
52.93	0.7145
53.10	0.2416
53.27	0.1001
53.45	0.07742
53.62	0.03327
53.79	0.1846
53.96	0.5002
54.13	0.9408
54.31	0.3241
54.48	0.1994
54.65	0.1792
54.82	0.148
54.99	0.1289
55.17	0.2206
55.34	0.8657
55.51	0.6255
55.68	0.3251
55.85	0.0587
56.02	0.1261
56.20	0.2083
56.37	0.3041
56.54	0.4186
56.71	1.037
56.88	0.2937
57.06	0.1651
57.23	0.1862
57.40	0.1939
57.57	0.137
57.74	0.2425
57.91	0.8272
58.09	0.7051
58.26	0.1905
58.43	0.02176
58.60	0.1164
58.77	0.1939
58.95	0.3218
59.12	0.4954
59.29	0.9064
59.46	0.3438
59.63	0.1539
59.81	0.0743
59.98	0.05751
60.15	0.1201
60.32	0.2925
60.49	0.8342
60.66	0.6424
60.84	0.3118
61.01	0.1436
61.18	0.08717
61.35	0.02174
61.52	0.1801
61.70	0.5702
61.87	0.9071
62.04	0.2121
62.21	0.1842
62.38	0.2186
62.55	0.1637
62.73	0.1366
62.90	0.2684
63.07	0.9965
63.24	0.4973
63.41	0.3283
63.59	0.1625
63.76	0.0469
63.93	0.1117
64.10	0.3084
64.27	0.5395
64.45	0.947
64.62	0.2328
64.79	0.1524
64.96	0.1656
65.13	0.1903
65.30	0.1759
65.48	0.247
65.65	0.9064
65.82	0.5207
65.99	0.1792
66.16	0.005314
66.34	0.0599
66.51	0.04464
66.68	0.2497
66.85	0.6152
67.02	0.8556
67.19	0.2547
67.37	0.1557
67.54	0.07076
67.71	0.06686
67.88	0.1734
68.05	0.3401
68.23	0.9156
68.40	0.444
68.57	0.3001
68.74	0.1697
68.91	0.1057
69.08	0.0161
69.26	0.2297
69.43	0.7152
69.60	0.7958
69.77	0.2665
69.94	0.09849
70.12	0.2
70.29	0.2258
70.46	0.1753
70.63	0.2868
70.80	1.016
70.98	0.4377
71.15	0.2534
71.32	0.2051
71.49	0.1172
71.66	0.03664
71.83	0.2825
72.01	0.6658
72.18	0.8307
72.35	0.1642
72.52	0.1066
72.69	0.1609
72.87	0.1904
73.04	0.259
73.21	0.3692
73.38	0.9445
73.55	0.4603
73.72	0.1657
73.90	0.08144
74.07	0.08947
74.24	0.1193
74.41	0.2429
74.58	0.7228
74.76	0.775
74.93	0.3239
75.10	0.1382
75.27	0.1025
75.44	0.08795
75.62	0.2041
75.79	0.391
75.96	0.9413
76.13	0.3388
76.30	0.2585
76.47	0.1839
76.65	0.08396
76.82	0.08986
76.99	0.2914
77.16	0.8682
77.33	0.7043
77.51	0.3421
77.68	0.05705
77.85	0.08206
78.02	0.1693
78.19	0.2804
78.37	0.3941
78.54	0.9714
78.71	0.3688
78.88	0.2585
79.05	0.1835
79.22	0.1153
79.40	0.08032
79.57	0.2682
79.74	0.7812
79.91	0.7123
80.08	0.1663
80.26	0.05597
80.43	0.05723
80.60	0.06999
80.77	0.2253
80.94	0.4266
81.11	0.9418
81.29	0.3075
81.46	0.1894
81.63	0.08753
81.80	0.1101
81.97	0.1258
82.15	0.2056
82.32	0.8504
82.49	0.6465
82.66	0.3265
82.83	0.1161
83.01	0.04002
83.18	0.09416
83.35	0.2544
83.52	0.535
83.69	0.9014
83.86	0.2795
84.04	0.2207
84.21	0.2172
84.38	0.183
84.55	0.05627
84.72	0.3212
84.90	0.8959
85.07	0.6651
85.24	0.3177
85.41	0.1408
85.58	0.0389
85.75	0.1005
85.93	0.2999
86.10	0.4975
86.27	0.9255
86.44	0.2661
86.61	0.1892
86.79	0.1396
86.96	0.1537
87.13	0.1603
87.30	0.3138
87.47	0.8838
87.64	0.5826
87.82	0.2041
87.99	0.1081
88.16	0.08694
88.33	0.09003
88.50	0.1745
88.68	0.5948
88.85	0.8872
89.02	0.3121
89.19	0.1571
89.36	0.1416
89.54	0.1443
89.71	0.1857
89.88	0.2417
90.05	0.9241
90.22	0.5298
90.39	0.2861
90.57	0.1024
90.74	0.04219
90.91	0.1403
91.08	0.3066
91.25	0.6824
91.43	0.8944
91.60	0.288
91.77	0.06598
91.94	0.1895
92.11	0.2009
92.28	0.2099
92.46	0.2735
92.63	0.9147
92.80	0.5382
92.97	0.2774
93.14	0.1204
93.32	0.03039
93.49	0.1201
93.66	0.3084
93.83	0.6331
94.00	0.8643
94.18	0.1951
94.35	0.1305
94.52	0.06724
94.69	0.1031
94.86	0.1708
95.03	0.2819
95.21	0.9453
95.38	0.4553
95.55	0.2231
95.72	0.07429
95.89	0.08636
96.07	0.07272
96.24	0.1844
96.41	0.7189
96.58	0.8026
96.75	0.2799
96.92	0.08854
97.10	0.1308
97.27	0.1864
97.44	0.2276
97.61	0.3652
97.78	0.9475
97.96	0.3914
98.13	0.28
98.30	0.2057
98.47	0.06863
98.64	0.06225
98.81	0.3571
98.99	0.7141
99.16	0.8623
99.33	0.3074
99.50	0.06423
99.67	0.07923
99.85	0.1575
100.02	0.2895
100.19	0.3257
100.36	0.9552
100.53	0.4189
100.70	0.2247
100.88	0.08396
101.05	0.09051
101.22	0.1182
101.39	0.3183
101.56	0.7603
101.74	0.7186
101.91	0.2369
102.08	0.1274
102.25	0.09098
102.42	0.0649
102.60	0.1412
102.77	0.4545
102.94	0.923
103.11	0.3744
103.28	0.2482
103.45	0.1828
103.63	0.129
103.80	0.1295
103.97	0.1693
104.14	0.842
104.31	0.6945
104.49	0.2793
104.66	0.05112
104.83	0.1381
105.00	0.1797
105.17	0.253
105.34	0.4654
105.52	1.015
105.69	0.2862
105.86	0.2099
106.03	0.2173
106.20	0.1869
106.38	0.114
106.55	0.2761
106.72	0.8169
106.89	0.7266
107.06	0.2236
107.24	0.01275
107.41	0.092
107.58	0.191
107.75	0.293
107.92	0.4488
108.09	0.9308
108.27	0.299
108.44	0.1818
108.61	0.06981
108.78	0.08649
108.95	0.1191
109.13	0.2386
109.30	0.8629
109.47	0.6281
109.64	0.2288
109.81	0.06733
109.98	0.0669
110.16	0.003544
110.33	0.1776
110.50	0.5635
110.67	0.9185
110.84	0.248
111.02	0.1772
111.19	0.1934
111.36	0.1825
111.53	0.1588
111.70	0.2431
111.87	0.9158
112.05	0.5436
112.22	0.3005
112.39	0.1145
112.56	0.07198
112.73	0.1757
112.91	0.3305
113.08	0.5012
113.25	0.9876
113.42	0.316
113.59	0.1303
113.77	0.1693
113.94	0.1938
114.11	0.1907
114.28	0.212
114.45	0.9179
114.62	0.5724
114.80	0.1933
114.97	0.02915
115.14	0.1011
115.31	0.1388
115.48	0.2896
115.66	0.6212
115.83	0.8455
116.00	0.2948
116.17	0.142
116.34	0.04251
116.51	0.04993
116.69	0.1376
116.86	0.3536
117.03	0.9036
117.20	0.5224
117.37	0.3083
117.55	0.1819
117.72	0.09134
117.89	0.02542
118.06	0.1688
118.23	0.7084
118.41	0.8219
118.58	0.2273
118.75	0.1402
118.92	0.2102
119.09	0.1664
119.26	0.1493
119.44	0.3229
119.61	1.022
119.78	0.4026
119.95	0.3077
120.12	0.2337
120.30	0.09662
120.47	0.08126
120.64	0.3191
120.81	0.6421
120.98	0.8527
121.15	0.1863
121.33	0.1201
121.50	0.1431
121.67	0.1833
121.84	0.2018
122.01	0.3279
122.19	0.9337
122.36	0.4556
122.53	0.1871
122.70	0.04757
122.87	0.09425
123.05	0.09652
123.22	0.2252
123.39	0.7195
123.56	0.7866
123.73	0.2272
123.90	0.08473
124.08	0.06814
124.25	0.05251
124.42	0.1515
124.59	0.3754
124.76	0.9413
124.94	0.3465
125.11	0.2787
125.28	0.1731
125.45	0.1086
125.62	0.03706
125.79	0.2656
125.97	0.8362
126.14	0.7246
126.31	0.2856
126.48	0.0612
126.65	0.145
126.83	0.1978
127.00	0.2594
127.17	0.3213
127.34	1.023
127.51	0.3975
127.68	0.2263
127.86	0.2088
128.03	0.144
128.20	0.04885
128.37	0.2396
128.54	0.7854
128.72	0.7338
128.89	0.1612
129.06	0.06516
129.23	0.1124
129.40	0.1508
129.58	0.2521
129.75	0.4623
129.92	0.9143
130.09	0.384
130.26	0.1544
130.43	0.02236
130.61	0.08462
130.78	0.1233
130.95	0.297
131.12	0.8169
131.29	0.6965
131.47	0.3544
131.64	0.141
131.81	0.0752
131.98	0.1015
132.15	0.2327
132.32	0.5265
132.50	0.899
132.67	0.26
132.84	0.2444
133.01	0.2066
133.18	0.125
133.36	0.03576
133.53	0.276
133.70	0.9219
133.87	0.622
134.04	0.347
134.22	0.1671
134.39	0.01027
134.56	0.1719
134.73	0.2977
134.90	0.4494
135.07	0.9386
135.25	0.2928
135.42	0.1998
135.59	0.1596
135.76	0.1108
135.93	0.1132
136.11	0.3014
136.28	0.8423
136.45	0.6317
136.62	0.207
136.79	0.03396
136.96	0.07801
137.14	0.1061
137.31	0.2302
137.48	0.5691
137.65	0.8831
137.82	0.273
138.00	0.1567
138.17	0.1055
138.34	0.05348
138.51	0.1057
138.68	0.2281
138.86	0.9027
139.03	0.5527
139.20	0.2895
139.37	0.1141
139.54	0.03285
139.71	0.0963
139.89	0.2849
140.06	0.6563
140.23	0.8747
140.40	0.2562
140.57	0.1356
140.75	0.1946
140.92	0.1687
141.09	0.1248
141.26	0.2468
141.43	0.9875
141.60	0.5658
141.78	0.2835
141.95	0.1552
142.12	0.0687
142.29	0.07856
142.46	0.309
142.64	0.6059
142.81	0.8819
142.98	0.1714
143.15	0.1303
143.32	0.1022
143.49	0.1271
143.67	0.1907
143.84	0.3613
144.01	0.916
144.18	0.4823
144.35	0.1665
144.53	0.08353
144.70	0.1072
144.87	0.1223
145.04	0.2654
145.21	0.6609
145.39	0.8289
145.56	0.3384
145.73	0.1126
145.90	0.144
146.07	0.1636
146.24	0.2389
146.42	0.3372
146.59	0.9454
146.76	0.4003
146.93	0.3021
147.10	0.1748
147.28	0.0325
147.45	0.1025
147.62	0.3046
147.79	0.7427
147.96	0.852
148.13	0.3393
148.31	0.04777
148.48	0.1026
148.65	0.2148
148.82	0.2702
148.99	0.2975
149.17	0.9362
149.34	0.4757
149.51	0.2533
149.68	0.1026
149.85	0.06041
150.03	0.1097
150.20	0.3035
150.37	0.7233
150.54	0.7938
150.71	0.2347
150.88	0.1102
151.06	0.1022
151.23	0.0963
151.40	0.1899
151.57	0.4139
151.74	0.9104
151.92	0.3723
152.09	0.2021
152.26	0.1145
152.43	0.05765
152.60	0.03492
152.77	0.187
152.95	0.7954
153.12	0.7611
153.29	0.2788
153.46	0.05129
153.63	0.1149
153.81	0.1794
153.98	0.2432
154.15	0.4415
154.32	0.9828
154.49	0.2882
154.66	0.204
154.84	0.2025
155.01	0.1205
155.18	0.01877
155.35	0.2947
155.52	0.8422
155.70	0.7623
155.87	0.3023
156.04	0.0681
156.21	0.06518
156.38	0.1645
156.56	0.3174
156.73	0.4116
156.90	0.9761
157.07	0.2924
157.24	0.1881
157.41	0.07769
157.59	0.1002
157.76	0.1484
157.93	0.2772
158.10	0.8284
158.27	0.616
158.45	0.2348
158.62	0.1134
158.79	0.08772
158.96	0.09173
159.13	0.2204
159.30	0.5293
159.48	0.932
159.65	0.345
159.82	0.1661
159.99	0.2013
160.16	0.1867
160.34	0.1599
160.51	0.2088
160.68	0.9284
160.85	0.5698
161.02	0.3196
161.20	0.09019
161.37	0.09065
161.54	0.1897
161.71	0.3027
161.88	0.541
162.05	1.011
162.23	0.2792
162.40	0.1242
162.57	0.2015
162.74	0.2123
162.91	0.1794
163.09	0.2324
163.26	0.8494
163.43	0.6735
163.60	0.2373
163.77	0.02838
163.94	0.07939
164.12	0.147
164.29	0.3001
164.46	0.5681
164.63	0.8868
164.80	0.2881
164.98	0.1688
165.15	0.09133
165.32	0.04628
165.49	0.1405
165.66	0.2936
165.84	0.8688
166.01	0.542
166.18	0.24
166.35	0.09419
166.52	0.06518
166.69	0.03157
166.87	0.1798
167.04	0.6081
167.21	0.9074
167.38	0.2291
167.55	0.1381
167.73	0.1857
167.90	0.1658
168.07	0.1621
168.24	0.2769
168.41	0.9998
168.58	0.413
168.76	0.2652
168.93	0.1578
169.10	0.04791
169.27	0.0938
169.44	0.33
169.62	0.6376
169.79	0.9284
169.96	0.2587
170.13	0.05157
170.30	0.145
170.47	0.2007
170.65	0.2446
170.82	0.2299
170.99	0.9797
171.16	0.4437
171.33	0.2026
171.51	0.05072
171.68	0.08956
171.85	0.1027
172.02	0.2402
172.19	0.7086
172.37	0.775
172.54	0.2818
172.71	0.1171
172.88	0.05067
173.05	0.07458
173.22	0.1631
173.40	0.4042
173.57	0.9336
173.74	0.4207
173.91	0.2605
174.08	0.201
174.26	0.1407
174.43	0.05957
174.60	0.1871
174.77	0.8211
174.94	0.7203
175.11	0.269
175.29	0.08088
175.46	0.1906
175.63	0.2176
175.80	0.2401